1 1111111111111111111111111111
2 222222222222222
3 3333333333333333333333333333333333333
4 444444444444444 44444444444444444 444444
5 555555555555555555555555555555555555555555
6 66666666666666666666666666666666666666666666666
7 77777777777777777777777777777777777777777777777777777
8 88888888888888888
9 9999999999999999999999999999999999999999999999999999999999999
10 1010101010101010101010101010101010101010101010101010101010101010101010101010
11 11111111111111111111111111111111111111111111111111111111111111111111111111111111111111111111